10
1 1 0
1 2 73
1 3 45
1 4 71
1 5 41
1 6 61
1 7 72
1 8 39
1 9 69
1 10 76
2 1 73
2 2 0
2 3 33
2 4 1073741824
2 5 13
2 6 70
2 7 21
2 8 78
2 9 82
2 10 62
3 1 45
3 2 33
3 3 0
3 4 49
3 5 1073741824
3 6 24
3 7 63
3 8 85
3 9 1073741824
3 10 46
4 1 71
4 2 1073741824
4 3 49
4 4 0
4 5 1073741824
4 6 17
4 7 88
4 8 4
4 9 53
4 10 65
5 1 41
5 2 13
5 3 1073741824
5 4 1073741824
5 5 0
5 6 30
5 7 28
5 8 12
5 9 54
5 10 22
6 1 61
6 2 70
6 3 24
6 4 17
6 5 30
6 6 0
6 7 19
6 8 55
6 9 60
6 10 70
7 1 72
7 2 21
7 3 63
7 4 88
7 5 28
7 6 19
7 7 0
7 8 11
7 9 61
7 10 52
8 1 39
8 2 78
8 3 85
8 4 4
8 5 12
8 6 55
8 7 11
8 8 0
8 9 27
8 10 1073741824
9 1 69
9 2 82
9 3 1073741824
9 4 53
9 5 54
9 6 60
9 7 61
9 8 27
9 9 0
9 10 49
10 1 76
10 2 62
10 3 46
10 4 65
10 5 22
10 6 70
10 7 52
10 8 1073741824
10 9 49
10 10 0